-6.15467051597990180
-6.15467051597990180
-7.48848851879581900
-7.30563244509178130
-7.09785149261942650
-6.09437859636898340
-7.29589474497330310
-7.17953182993059610
-6.93301128964154150
-6.93526564583652320
-6.15663458152042150
-7.65070367309932210
-7.01461457636916210
-6.10087849413321950
-7.28754152492394520
-6.18913589676380840
-6.94120371755706600
-6.94120371755706600
-6.89421766084470280
-7.99889581465995290
-7.14964591868123020
-7.55216900468582960
-8.02122036009367890
-4.97991869493016280
-7.46247807936985200
-7.91693895823881630
-6.49979118450653460
-6.52721051363543840
-7.31369747847610090
-7.19897038853400770
-7.05615506994732300
-7.05900818783318580
-7.22801751381995670
-5.37497565170866660
-6.16148298650142580
-6.34772682630111970
-6.57034676007216940
-7.16531833518231310
-7.33510685248890580
-7.55846491265845800
-3.90017154964886000
-4.68765431878177450
-6.57702379221811380
-3.64422882790308480
-7.50299361775022080
-7.50299361775022080
-7.45227234282840810
-6.27547393049049160
-4.93645058710663420
-4.79611848464157480
