1.01372741033972160
1.43596495322271280
1.54094740998380320
0.52969380816515177
0.60693080278805578
1.38152210289464090
0.90544220233096218
1.24186267344499870
1.73759409989296840
1.79928606337004910
1.48128514690622980
1.18709111440193140
1.80281842700393580
1.81561336200051280
0.44158743134780915
-0.00808180966680637
1.74040516232528230
0.64931370315429748
0.90473930669063451
1.03911428692193830
1.07840699636286820
0.09135772381390353
1.42579378065297950
2.20558552317834390
0.32073277856583859
1.44771031225162110
0.69234659500855344
0.09135772381390353
1.06008578246880330
0.84952397314227546
1.49079729304235610
0.86802347130161328
0.35378772974142342
1.56820168537030110
0.50320177759988693
1.04813636982409550
0.49566537924285781
1.31386197592752270
0.15243147862696657
2.40310801388491770
0.37804511663709262
1.95341006354567440
1.17006799533164090
0.16613446130545290
1.42870660431074100
0.27481792816828660
0.18600147546081808
0.29427615248734185
1.30521759564294790
1.20900461090790220
2.63116777792762100
0.91959063851405642
0.84494048383120424
1.57927412944245970
0.12250651271130104
1.28522169397492700
1.13368626035263520
2.41010743499285460
1.27262159017122520
1.00998252929621170
0.73401993413399025
1.78123805313342730
0.73567163693087567
0.81038024524632690
1.88955954443637950
0.88677456571257329
1.20142024863052370
0.52647140664614134
1.77541578091665660
0.65877046074461942
0.23705512149969676
0.83102354543111101
1.21501186571785350
1.25873615093193840
1.50886706816206110
0.69971283873366175
0.76530271454144583
1.12683982379418040
0.06117308119953273
0.95653589935875794
1.38060715469755220
0.89930757085352742
1.29599789267020980
0.86475699521443561
0.29554057214542279
1.86369517748753520
0.04869277284915499
1.44485743932755750
0.57012816226651131
1.42316484682839640
0.85152868994232955
1.15048159469890440
1.54109141579028460
1.45698197399860210
0.97095809916784903
0.98783922664982593
1.12281352113674180
0.79064109393629545
1.73301138376426980
0.72970282025955846
1.15146657191347330
0.08015748721851589
1.04617174297759450
1.15055417349649170
1.21874129949061900
1.05603698676186240
2.40891635827443460
1.33101044271278090
0.71809423963701358
0.86235169993475480
1.35435360755853700
-0.28051734323002947
0.62792253546818599
1.53114321859827250
1.15059510473021830
0.44703714168353148
1.38966874118566340
0.95725642597265659
2.20669637811009700
0.96456214885322322
2.08664484887084360
0.50135944358153728
1.18641849564800110
0.50820152938865037
0.87058160721240163
0.70938893368840050
0.58194516051436562
1.27497930847659440
0.07133011458104213
0.69690979194427405
1.18116147827733450
1.34974409587348050
1.79458971842172120
0.38146590382993956
1.54426156020558740
0.98858685406821301
0.81126905219661383
1.90467365647378140
1.91798505425471210
1.15350699980965520
0.65376875228299369
0.98314864046693407
0.91449399975905987
0.37570518369567174
0.90729540232028616
1.61950965959909770
1.55479090501244870
1.04099831389834590
1.09000327013277580
2.19221524661307670
0.98016504234826884
0.76976308041966746
1.69338104881356850
1.14018064339921190
0.90209666049164960
0.14338023114881060
1.26916206633890980
1.13434838573106010
0.99055343414818864
1.01430346833298170
1.72266444843400970
1.57044340678751150
1.71234109347612030
1.14958260178405890
1.28606903932578830
1.76900545800207640
0.90466751935401823
0.61246279216401955
0.60540519564267170
0.65422440238651391
1.02422275714971580
1.21015237979364110
1.88197250088486690
1.08549598746543880
1.67141790741373990
1.04842222412823240
0.60986106251731598
0.79878800026498520
1.29837621407352110
0.25594075138981170
1.67648762114566790
2.04734010126726100
1.23452001599708240
1.55810271938029630
1.49661166349883620
0.79702784785735326
0.74535425011872447
1.36924390727234520
1.14478590754485740
1.23650122099144120
1.29287895859567570
0.23428979665514474
0.56671283186662513
2.59237274033437570
1.75072694801824550
1.21687516570381440
1.82193552270383630
0.81458535723178105
1.23699184266410070
0.75356330469914867
0.94837222728140080
2.15825796850701850
2.17566216368696220
2.23027343792957660
0.87170743182423083
0.69290529104410636
1.50036029363161740
1.76831007727998730
0.34227286664525280
1.28382551200017820
0.11489896151841031
0.81315946413133211
1.26425335644875810
0.63691024706167021
1.36066956582570860
1.13706372242876430
0.35088446710747773
0.36964225822726626
1.64833802658941990
0.82052744296749158
0.69375596790316107
1.28650240810197070
1.42844894731190710
1.00758601843088960
0.73825008616723986
1.08994889901994150
1.50516372759247920
1.72373749643414500
1.07752914983280350
2.39914724445635530
-0.22084768145233574
2.14563636137274250
0.52271981728743699
0.62087346623757844
1.56601065598859600
0.52216526939275587
0.91141134862632012
1.18311387606183920
1.12761085548206790
0.38323690979806779
1.22064369311576230
1.26751507035366680
0.51445940802108603
1.13815999763469460
1.04610276813125050
-1.93831766060583680
2.08318945427272560
0.98600476495383027
1.96358249650191530
0.82852653892003547
0.74611312540943719
1.09721983675533670
1.27254157234038190
1.34165103055020520
1.37832544410753280
1.10824920036678630
1.02384395864561320
0.87394821398352784
0.52105503590056379
1.89588241055241840
0.76792856044655122
0.95802050947275941
1.34370354560253520
0.66018430817309270
0.41892432161109222
0.56169981926662904
1.33681138526406110
1.35657991173163440
0.77864169235908054
0.94354053131207172
0.38295378771677213
0.22819996903785894
1.24778986321250150
0.71931667673786848
0.61164983937861506
1.23885738708774550
1.28529258718641310
1.08012991389805510
1.15682795041351460
1.87658514490891220
1.44607984942341350
1.50881260953386100
1.03202103436766830
1.27772766150482300
1.36153626754483410
0.46262972346250059
1.77717121138826140
1.98017750379699600
1.09058250572463630
0.71580378429950264
1.19856952777491580
0.65919442839941234
0.46155465370324728
0.77011983995116173
0.98437109550057933
1.62590842799736100
0.64405461152210386
1.54116862684896110
0.66683887999966418
1.60939596239542660
-0.51811746853851059
-1.22934664999279320
-0.92944924529214068
-1.35105097310013740
-1.78194118098759180
-1.76697272242236080
-0.67146576405223934
-0.33865483662063589
-0.74847664525555813
-0.61526083172197232
-0.73555569736145010
-0.48012560190910730
-0.34632371896084596
-0.55536357178395090
-1.64385588661529610
-1.45257207616877420
-1.82752478385547220
-1.54653670566681730
-1.22987274172667640
-0.83272048561361500
-0.79849461414615075
-1.42473593399357480
-1.57875867258429790
-1.11698319770020850
-0.58530676847349317
-0.81020708592517710
-0.75756308634906167
-0.90957202964073469
-0.61981309491913705
-0.94472488591851633
-0.59056971271556280
-0.59839518450392926
-0.83445870381159060
-1.47139737517056930
-0.69608858453725930
-0.58056934699813567
0.41214321129132869
-1.16569953218388100
-1.25847023656739080
-0.57408152165105220
-1.03659896679226080
-0.88716128773371550
0.12250651271130104
0.10466184736106726
0.34746547495744673
-1.17658449086888180
-0.70952242724717529
-0.84677922340704259
-0.34149247196933524
-1.87208059437904040
-1.49997451970901440
-1.81405607970951440
-1.44395867810438160
-1.69066930489804320
-1.51396954437768530
-1.89360702442798030
-1.57264339705111000
-2.48586209179238350
-1.59170162540538080
-2.06804002741333370
-1.32503571985346750
-1.66120070359490570
-2.64380744082051720
-1.55335236565583460
-2.09930448615577530
-1.63257804040590520
-2.23102917840744560
-1.63988302963781400
-2.39477384451864510
-1.70756578717066150
-2.47399275325275880
-2.38914768328047570
-2.12080309442412140
-2.99277255346893330
-2.10701363970324170
-2.01508575509254010
-2.25329557787217640
-1.63895942528010900
-1.99707932432446890
-2.33552022396643060
-1.81653598755237080
-2.60980938280011010
-2.21115846528779110
-1.15255730376982250
-2.02614530724431810
-1.13330833706011910
-1.35584228310304010
-1.66509007622495960
-2.14920094383769870
-1.24227436209086250
-1.52711943266511450
-1.79966738347488950
-1.57491685730013240
-1.68415666305494200
-1.20662394437280220
-1.29716785584003700
-1.48229596145383650
-2.15373203907970230
-1.63432885053366860
-2.08204186693537490
-1.40481358448724290
-2.16329844794903540
-1.76142339076699630
-2.35370013874818970
-2.50729813539405640
-1.23014870941063490
-2.50270000020748240
-1.85684794989560280
-2.24999296807121980
-1.85016439739893170
-2.38506202609824980
-1.23675718137515030
-2.21182847050327600
-1.90724370962268440
-2.67772026006161790
-1.27013825524066480
-1.89645941554726030
-1.97992551602564860
-2.38082778367536770
-2.00296622548857740
-1.33927811866763660
-1.47478480156003820
0.03750731636901432
-1.50053291087808090
-1.83452416346243360
-2.68660143873182290
-1.58906425813341800
-1.48731974554740320
-2.48349246135953460
-2.09931770992960360
-2.36000603203319330
-2.22409657907925200
-2.00635681003250930
-1.71200137432518010
-1.56348309612888100
-0.69827723737710967
-1.54820777643807150
-2.66711083116434720
-1.18673831931397930
-1.97721993654198650
-1.78986802559803020
-2.40538031026878360
-1.31016416102333300
-2.09528568342424970
-0.81951506369884908
-1.42756305327345050
-0.37557173460059734
-2.22668195450568660
-0.24579274555367181
-2.10286926905917190
0.21713313416851615
-1.64807659550327370
-1.74566315869215540
0.47018167119854720
-1.44711983481911230
-1.97670032334465120
-2.39971555437603130
-1.23067111562726670
-1.76324093893793600
-2.33168770023004290
-1.82473653908291910
-1.75856953794395410
-1.57257399702703740
-1.91839465175694320
-2.06953064365243390
-0.26295842921358120
-2.17774486680946120
-1.20781784132057250
-3.20800530183135060
0.16780882594953905
-2.02188830001733780
-2.10714655370175570
0.02377230335967576
-1.40511482907605130
-1.31036383533467740
-0.22495172828834198
-1.03926518455239170
-0.93549141736472163
-1.38873760998921280
-0.13594871912420708
-1.56960980446455720
-1.25462505628168560
-1.54074107260236760
-1.15472622071133890
-1.12125588776911570
-1.68002349056026050
-0.83494620974854206
0.32299568078054763
-1.28447032947579350
-0.58898437269053061
-1.57728045798549620
-2.81369217142146730
-0.48105153908326054
-1.28006260324088660
-1.15992574840775450
-1.96413672937368890
-1.10108086831673500
-0.86107506888767182
-1.55719283473772440
-1.75175435676686790
-1.93537386764731640
-1.12698660070051740
-2.17128138148773160
-1.79393834675199270
-1.37825069419927760
-0.33665639223166416
-1.14222758757219900
-1.25787675529814470
-0.81957301667135596
-0.56566080697834487
-1.37806911301907740
-1.02201227966071030
-1.45852782354009980
-1.79087983457322220
-0.87073345638099375
-1.28489417159503550
-0.45551966987000275
-0.94865506341041284
-0.56491325026705885
-2.05779073040714830
-1.17030882509880520
-1.18057104653657840
-1.30054495004840830
-1.39903979454742730
-1.20619017744637640
0.42853512474476946
-1.59159336926770960
-1.43148902028249810
-1.53526549071056740
-0.56496178007749898
-0.46566440422859351
-1.97693673045221190
-1.51853114563888590
-0.42799874013470424
-0.98262972211074728
-0.03121018205172750
-0.96413395568165161
-1.16880813096945890
-0.62819080362086044
-1.45561613165528140
-0.92569774532056914
-1.38453792518587560
-0.51281168465596794
-1.04408574298090810
-2.03077905120761320
-1.12509236867822280
-1.86940809741502110
-1.01729015337748870
-0.86874785075367433
-1.23347447390042890
-0.91989586909872390
-0.57774933021142594
0.04634357165769565
-0.95156744578785746
-1.55533154429593010
-0.46728887130312829
-1.07908733163100590
-0.46021705770364424
-0.33902157573330749
-0.81244109773385731
-1.12566351948908470
-1.56747335354736820
-0.21438714373920031
0.25378780113980437
-0.71499034351310897
-1.18286960306338470
-1.09610810272492710
-1.00543974566801690
-1.40633112159007400
-0.75251911676418159
-0.77509404025009776
-1.03103594151248520
-1.10460290612578160
-1.27978289618292810
-1.13032608669300450
-1.46839980597394270
-0.81686343283534268
-0.51351618389156117
-1.23818697782150270
-1.53162714796157730
-0.62136250283058758
-1.26026488855872510
-1.41513737541958950
-1.02641755850365550
-2.10622725612503810
-0.69161413535685035
-1.43376596029733690
-0.94150089661588565
-1.09285508299732540
-0.56103497232127553
-1.77572047424508540
-1.42407373355718340
-1.45590685453625170
-0.91266129105082483
-0.70903988260456086
-1.56981386980000260
-1.32047492320575490
-0.64991497967617917
-0.50511738771471670
-0.79702061977980243
