1.11796092987060550
1.11796092987060550
0.38323551416397095
0.36997756361961365
0.50566482543945313
0.86743062734603882
0.43024617433547974
0.48658081889152527
0.58224821090698242
0.58069854974746704
0.87049859762191772
0.33649843931198120
0.98862594366073608
1.30007708072662350
0.33394283056259155
0.90880626440048218
0.94047349691390991
0.94047349691390991
0.67637616395950317
0.06512750685214996
0.48811712861061096
0.26670378446578979
0.17397925257682800
1.60247290134429930
0.34493029117584229
0.29143482446670532
1.12982654571533200
1.10817039012908940
0.33562913537025452
0.30671837925910950
0.73605930805206299
0.73736143112182617
0.46151781082153320
1.29104495048522950
0.80812716484069824
0.62507832050323486
0.44863474369049072
0.31608816981315613
0.78178530931472778
0.37143018841743469
2.35811996459960940
1.65921676158905030
0.90691339969635010
2.07916116714477540
0.50337904691696167
0.50337904691696167
0.70099610090255737
1.15097153186798100
1.83408451080322270
1.77165067195892330
