2.41475228435645570
2.41475228435645570
2.41377850231706950
2.41525560596513160
2.41554900848853030
2.41757455048658440
2.41482298446230190
2.41520792082307170
2.41588415044400010
2.41588366780021820
2.41737238281720130
2.41185586193009140
2.40514934323191200
2.41249849297122810
2.41559475091566610
2.41722991123245730
2.41070153688894130
2.41070153688894130
2.41496063715836580
2.41251613118214080
2.41517914151041910
2.41471920722992550
2.41145143806790770
2.41104630436338590
2.41356186211138280
2.41118947116757500
2.41210847817425210
2.41217602777635420
2.41539344114296520
2.41599182277478610
2.41294111855105880
2.41292447976488500
2.41498124799985050
2.41771091248342880
2.41777936470397580
2.41765567753256110
2.41716776960876260
2.41613921204759490
2.40365061392291230
2.41385325957543500
2.41313649205750690
2.41200324554636050
2.39645212352813220
2.41694304120341120
2.41009408008020200
2.41009408008020200
2.40107443416213910
2.39962526095807820
2.40622835549083410
2.40507505042573080
